image_width: 1280
image_height: 720
camera_name: MicrosoftL2LifeCamHD3000
distortion_model: plumb_bob
camera_matrix:
  rows: 3
  cols: 3
  data: [1103.0979558907811, 0.0, 629.3299054504356, 0.0, 1097.2213000701256, 344.50175139260415, 0.0, 0.0, 1.0]
distortion_coefficients:
  rows: 1
  cols: 5
  data: [0.20362082864525902, -1.4372088203321676, -0.0011157283532078673, 0.0002310731142655671, 2.5272352863269325]
rectification_matrix:
  rows: 3
  cols: 3
  data: [1.0, 0.0, 0.0, 0.0, 1.0, 0.0, 0.0, 0.0, 1.0]
projection_matrix:
  rows: 3
  cols: 4
  data: [1103.0979558907811, 0.0, 629.3299054504356, 0.0, 0.0, 1097.2213000701256, 344.50175139260415, 0.0, 0.0, 0.0, 1.0, 0.0]


#camera_matrix:
#  rows: 3
#  cols: 3
#  data: [438.783367, 0.000000, 305.593336, 0.000000, 437.302876, 243.738352, 0.000000, 0.000000, 1.000000]
#distortion_coefficients:
#  rows: 1
#  cols: 5
#  data: [-0.361976, 0.110510, 0.001014, 0.000505, 0.000000]
#rectification_matrix:
#  rows: 3
#  cols: 3
#  data: [0.999978, 0.002789, -0.006046, -0.002816, 0.999986, -0.004401, 0.006034, 0.004417, 0.999972]
#projection_matrix:
#  rows: 3
#  cols: 4
#  data: [393.653800, 0.000000, 322.797939, 0.000000, 0.000000, 393.653800, 241.090902, 0.000000, 0.000000, 0.000000,
1.000000, 0.000000]
